  0.023333
  0.063333
       0.1
  0.033333
  0.053333
  0.026667
  0.033333
  0.036667
  0.056666
      0.04
      0.06
  0.043333
      0.05
      0.05
  0.106667
  0.023333
      0.02
      0.08
      0.03
  0.053333
  0.056666
  0.033333
  0.046666
  0.053334
      0.05
  0.033333
  0.056666
  0.056667
      0.04
  0.026667
  0.033334
  1.743333
  0.966666
  1.773333
  1.703333
  0.933333
      0.96
  0.956667
      1.69
  1.673334
  0.943334
  1.736667
  1.706665
  1.786666
  0.046667
  0.033333
  0.053333
  0.056666
  0.036666
  0.196667
  0.046667
  0.056666
  0.036666
  0.046666
  0.033333
  0.033333
      0.04
  0.036667
      0.04
  0.046667
  0.033333
  0.053333
      0.03
  0.036666
      0.08
      0.04
  0.046667
  0.006666
  0.013334
  0.053333
  0.033333
      0.04
       0.0
  0.003333
      0.01
      0.05
  0.026667
  0.013333
  0.053334
  0.043333
  0.053333
      0.03
  0.043333
  0.096667
  0.033333
      0.05
  0.043333
