  0.026667
  0.083333
      0.13
  0.046667
  0.066667
  0.033333
      0.04
  0.043333
  0.073334
  0.053334
  0.053333
  0.056667
  0.056666
  0.066666
  0.133333
  0.026667
      0.03
  0.106667
  0.036666
  0.073333
      0.07
  0.036667
  0.053333
  0.063333
  0.066666
      0.04
      0.07
  0.063333
  0.056667
      0.03
  0.046666
  0.236667
      0.21
  0.236667
  0.326667
  0.173332
      0.21
  0.169999
  0.146666
  0.586666
  0.156666
  0.230001
  0.359999
  0.230001
  0.063333
  0.036666
      0.08
  0.066666
  0.046666
  0.066667
      0.08
  0.053333
  0.063334
  0.043333
      0.05
  0.053333
      0.05
  0.063334
  0.063333
  0.043333
  0.073334
  0.029999
  0.046667
  0.103334
  0.046666
  0.063333
      0.01
  0.016667
  0.076667
  0.043334
      0.05
       0.0
  0.003333
      0.01
  0.063334
  0.033334
  0.016666
      0.07
      0.06
      0.07
  0.040001
      0.06
  0.133333
      0.05
  0.066667
  0.063333
